   0.0000000e+00
   0.0000000e+00
   0.0000000e+00
   0.0000000e+00
   5.0000000e-02
   1.0617957e-01
   1.3418206e-01
   1.7165245e-01
   1.9340948e-01
   2.1364677e-01
   2.5073919e-01
   2.7264815e-01
   2.9354263e-01
   3.2477138e-01
   3.4503002e-01
   3.6562286e-01
   3.9175865e-01
   4.0983401e-01
   4.2867230e-01
   4.5008289e-01
   4.6556383e-01
   4.8170071e-01
   4.9859814e-01
   5.0000000e-01
   5.0000000e-01
   5.0000000e-01
   5.0000000e-01
   5.0000000e-01
   5.0000000e-01
   5.0000000e-01
   5.0000000e-01
   5.0000000e-01
   5.0000000e-01
   5.0000000e-01
   5.0000000e-01
   5.0000000e-01
   4.9928317e-01
   4.9813356e-01
   4.9637565e-01
   4.9305814e-01
   4.8899939e-01
   4.8438065e-01
   4.7852208e-01
   4.7197554e-01
   4.6480810e-01
   4.5663076e-01
   4.4785351e-01
   4.3847721e-01
   4.2829074e-01
   4.1759742e-01
   4.0637687e-01
   3.9452912e-01
   3.8227723e-01
   3.6960078e-01
   3.5646750e-01
   3.4304215e-01
   3.2931299e-01
   3.1528722e-01
   3.0108810e-01
   2.8671471e-01
   2.7219569e-01
   2.5762502e-01
   2.4301148e-01
   2.2839382e-01
   2.1384526e-01
   1.9938177e-01
   1.8504524e-01
   1.7089380e-01
   1.5694776e-01
   1.4324793e-01
   1.2984096e-01
   1.1674891e-01
   1.0400889e-01
   9.1658372e-02
   7.9718879e-02
   6.8222386e-02
   5.7198472e-02
   5.0000000e-02
   5.0000000e-02
   5.0000000e-02
   5.0000000e-02
   5.0000000e-02
   5.0000000e-02
   5.0000000e-02
   5.0000000e-02
   5.0000000e-02
   5.0000000e-02
   5.0000000e-02
   5.0000000e-02
   5.0000000e-02
   5.0000000e-02
   5.0000000e-02
   5.0000000e-02
   5.0000000e-02
   5.0000000e-02
   5.0000000e-02
   5.0000000e-02
   5.0000000e-02
   5.0000000e-02
   5.0000000e-02
   5.0000000e-02
   5.0000000e-02
   5.0136275e-02
   5.0595808e-02
   5.1430770e-02
   5.2595809e-02
   5.4062074e-02
   5.5840416e-02
   5.7920086e-02
   6.0280469e-02
   6.2919425e-02
   6.5822865e-02
   6.8973276e-02
   7.2363863e-02
   7.5978681e-02
   7.9801045e-02
   8.3820743e-02
   8.8020944e-02
   9.2385266e-02
   9.6901127e-02
   1.0155135e-01
   1.0631972e-01
   1.1119219e-01
   1.1615166e-01
   1.2118217e-01
   1.2626897e-01
   1.3139543e-01
   1.3654601e-01
   1.4170594e-01
   1.4685936e-01
   1.5199147e-01
   1.5708798e-01
   1.6213413e-01
   1.6711613e-01
   1.7202064e-01
   1.7683427e-01
   1.8154452e-01
   1.8613936e-01
   1.9060700e-01
   1.9493651e-01
   1.9911746e-01
   2.0313986e-01
   2.0699453e-01
   2.1067288e-01
   2.1416686e-01
   2.1746921e-01
   2.2057333e-01
   2.2347320e-01
   2.2616361e-01
   2.2864000e-01
   2.3089847e-01
   2.3293587e-01
   2.3474973e-01
   2.3633823e-01
   2.3770031e-01
   2.3883553e-01
   2.3974414e-01
   2.4042705e-01
   2.4088580e-01
   2.4112258e-01
   2.4114018e-01
   2.4094199e-01
   2.4053197e-01
   2.3991465e-01
   2.3909508e-01
   2.3807884e-01
   2.3687197e-01
   2.3548099e-01
   2.3391285e-01
   2.3217491e-01
   2.3027491e-01
   2.2822093e-01
   2.2602140e-01
   2.2368502e-01
   2.2122074e-01
   2.1863779e-01
   2.1594555e-01
   2.1315360e-01
   2.1027166e-01
   2.0730955e-01
   2.0427717e-01
   2.0118449e-01
   1.9804147e-01
   1.9485808e-01
   1.9164425e-01
   1.8840983e-01
   1.8516459e-01
   1.8191817e-01
   1.7868006e-01
   1.7545960e-01
   1.7226589e-01
   1.6910784e-01
   1.6599412e-01
   1.6293311e-01
   1.5993291e-01
   1.5700135e-01
   1.5414588e-01
   1.5137366e-01
   1.4869147e-01
   1.4610572e-01
   2.6315724e-01
   2.1842917e-01
   2.3016862e-01
   2.6466109e-01
   2.2825811e-01
   2.7142843e-01
   2.9239406e-01
   2.6844017e-01
   3.0333583e-01
   3.1660170e-01
   3.0495597e-01
   3.3224562e-01
   3.4057047e-01
   3.3642153e-01
   3.5737596e-01
   3.6287262e-01
   3.6286078e-01
   3.7856240e-01
   3.8230552e-01
   3.8421203e-01
   3.9560070e-01
   3.9806406e-01
   4.0045357e-01
   4.0829433e-01
   4.0964149e-01
   4.1162096e-01
   4.1651531e-01
   4.1676966e-01
   4.1781715e-01
   4.2023457e-01
   4.1937586e-01
   4.1922104e-01
   4.1953407e-01
   4.1754960e-01
   4.1609192e-01
   4.1460731e-01
   4.1151595e-01
   4.0876913e-01
   4.0575236e-01
   4.0161276e-01
   3.9766726e-01
   3.9336013e-01
   3.8827012e-01
   3.8326763e-01
   3.7789960e-01
   3.7199112e-01
   3.6610671e-01
   3.5990131e-01
   3.5333319e-01
   3.4676247e-01
   3.3993988e-01
   3.3288997e-01
   3.2583940e-01
   3.1861639e-01
   3.1127373e-01
   3.0395282e-01
   2.9654088e-01
   2.8909839e-01
   2.8171335e-01
   2.7431576e-01
   2.6696352e-01
   2.5971175e-01
   2.5252018e-01
   2.4543953e-01
   2.3850498e-01
   2.3169587e-01
   2.2505438e-01
   2.1860348e-01
   2.1233475e-01
   2.0628191e-01
   2.0046027e-01
   1.9486839e-01
   1.8953223e-01
   1.8446200e-01
   1.7965958e-01
   1.7514410e-01
   1.7092202e-01
   1.6699612e-01
   1.6337955e-01
   1.6007574e-01
   1.5708678e-01
   1.5442068e-01
   1.5207815e-01
   1.5005964e-01
   1.4836871e-01
   1.4700353e-01
   1.4596243e-01
   1.4524510e-01
   1.4484732e-01
   1.4476508e-01
   1.4499474e-01
   1.4552984e-01
   1.4636405e-01
   1.4749090e-01
   1.4890185e-01
   1.5058845e-01
   1.5254182e-01
   1.5475163e-01
   1.5720753e-01
   1.5989871e-01
   1.6281331e-01
   1.6593944e-01
   1.6926478e-01
   1.7277627e-01
   1.7646087e-01
   1.8030515e-01
   1.8429524e-01
   1.8841731e-01
   1.9265725e-01
   1.9700078e-01
   2.0143363e-01
   2.0594148e-01
   2.1050994e-01
   2.1512476e-01
   2.1977175e-01
   2.2443680e-01
   2.2910605e-01
   2.3376580e-01
   2.3840257e-01
   2.4300321e-01
   2.4755485e-01
   2.5204498e-01
   2.5646145e-01
   2.6079253e-01
   2.6502691e-01
   2.6915377e-01
   2.7316273e-01
   2.7704395e-01
   2.8078810e-01
   2.8438641e-01
   2.8783066e-01
   2.9111322e-01
   2.9422704e-01
   2.9716568e-01
   2.9992332e-01
   3.0249475e-01
   3.0487539e-01
   3.0706128e-01
   3.0904910e-01
   3.1083615e-01
   3.1242037e-01
   3.1380033e-01
   3.1497520e-01
   3.1594477e-01
   3.1670943e-01
   3.1727017e-01
   3.1762855e-01
   3.1778671e-01
   3.1774732e-01
   3.1751360e-01
   3.1708929e-01
   3.1647861e-01
   3.1568628e-01
   3.1471745e-01
   3.1357773e-01
   3.1227313e-01
   3.1081004e-01
   3.0919522e-01
   3.0743576e-01
   3.0553908e-01
   3.0351286e-01
   3.0136506e-01
   2.9910384e-01
   2.9673760e-01
   2.9427488e-01
   2.9172439e-01
   2.8909495e-01
   2.8639548e-01
   2.8363496e-01
   2.8082239e-01
   2.7796682e-01
   2.7507724e-01
   2.7216263e-01
   2.6923189e-01
   2.6629382e-01
   2.6335712e-01
   2.6043034e-01
   2.5752186e-01
   2.5463989e-01
   2.5179242e-01
   2.4898723e-01
   2.4623183e-01
   2.4353349e-01
   2.4089919e-01
   2.3833561e-01
   2.3584913e-01
   2.3344580e-01
   2.3113131e-01
   2.2891104e-01
   2.2678999e-01
   2.2477278e-01
   2.2286368e-01
   2.2106657e-01
   2.1938493e-01
   2.1782185e-01
   2.1638004e-01
   2.1506180e-01
   2.1386904e-01
   2.1280328e-01
   2.1186562e-01
   2.1105680e-01
   2.1037715e-01
   2.0982663e-01
   2.0940482e-01
   2.0911093e-01
   2.0894381e-01
   2.0890196e-01
   2.0898353e-01
   2.0918634e-01
   2.0950791e-01
   2.0994543e-01
   2.1049579e-01
   2.1115564e-01
   2.1192131e-01
   2.1278891e-01
   2.1375431e-01
   2.1481316e-01
   2.1596089e-01
   2.1719277e-01
   2.1850388e-01
   2.1988914e-01
   2.2134335e-01
   2.2286118e-01
   2.2443720e-01
   2.2606590e-01
   2.2774170e-01
   2.2945896e-01
   2.3121202e-01
   2.3299521e-01
   2.3480284e-01
   2.3662926e-01
   2.3846883e-01
   2.4031599e-01
   2.4216522e-01
   2.4401110e-01
   2.4584827e-01
   2.4767153e-01
   2.4947577e-01
   2.5125601e-01
   2.5300745e-01
   2.5472541e-01
   2.5640541e-01
   2.5804315e-01
   2.5963450e-01
   2.6117555e-01
   2.6266259e-01
   2.6409212e-01
   2.6546089e-01
   2.6676584e-01
   2.6800416e-01
   2.6917330e-01
   2.7027092e-01
   2.7129494e-01
   2.7224354e-01
   2.7311511e-01
   2.7390834e-01
   2.7462212e-01
   2.7525564e-01
   2.7580829e-01
   2.7627974e-01
   2.7666988e-01
   2.7697885e-01
   2.7720703e-01
   2.7735501e-01
   2.7742362e-01
   2.7741391e-01
   2.7732714e-01
   2.7716476e-01
   2.7692845e-01
   2.7662005e-01
   2.7624159e-01
   2.7579527e-01
   2.7528347e-01
   2.7470871e-01
   2.7407365e-01
   2.7338110e-01
   2.7263397e-01
   2.7183530e-01
   2.7098825e-01
   2.7009603e-01
   2.6916196e-01
   2.6818942e-01
   2.6718186e-01
   2.6614277e-01
   2.6507568e-01
   2.6398414e-01
   2.6287171e-01
   2.6174198e-01
   2.6059852e-01
   2.5944487e-01
   2.5828457e-01
   2.5712110e-01
   2.5595792e-01
   2.5479841e-01
   2.5364590e-01
   2.5250364e-01
   2.5137481e-01
   2.5026250e-01
   2.4916968e-01
   2.4809924e-01
   2.4705396e-01
   2.4603649e-01
   2.4504937e-01
   2.4409500e-01
   2.4317565e-01
   2.4229345e-01
   2.4145040e-01
   2.4064835e-01
   2.3988899e-01
   2.3917386e-01
   2.3850437e-01
   2.3788174e-01
   2.3730706e-01
   2.3678126e-01
   2.3630510e-01
   2.3587920e-01
   2.3550400e-01
   2.3517980e-01
   2.3490676e-01
   2.3468487e-01
   2.3451396e-01
   2.3439374e-01
   2.3432377e-01
   2.3430346e-01
   2.3433209e-01
   2.3440880e-01
   2.3453262e-01
   2.3470245e-01
   2.3491707e-01
   2.3517515e-01
   2.3547525e-01
   2.3581585e-01
   2.3619530e-01
   2.3661189e-01
   2.3706382e-01
   2.3754923e-01
   2.3806616e-01
   2.3861261e-01
   2.3918652e-01
   2.3978579e-01
   2.4040827e-01
   2.4105178e-01
   2.4171411e-01
   2.4239304e-01
   2.4308631e-01
   2.4379168e-01
   2.4450690e-01
   2.4522973e-01
   2.4595794e-01
   2.4668932e-01
   2.4742169e-01
   2.4815288e-01
   2.4888080e-01
   2.4960335e-01
   2.5031853e-01
   2.5102435e-01
   2.5171890e-01
   2.5240033e-01
   2.5306686e-01
   2.5371679e-01
   2.5434846e-01
   2.5496032e-01
   2.5555091e-01
   2.5611882e-01
   2.5666276e-01
   2.5718152e-01
   2.5767397e-01
   2.5813909e-01
   2.5857596e-01
   2.5898374e-01
   2.5936170e-01
   2.5970921e-01
   2.6002572e-01
   2.6031080e-01
   2.6056411e-01
   2.6078541e-01
   2.6097456e-01
   2.6113151e-01
   2.6125630e-01
   2.6134908e-01
   2.6141009e-01
   2.6143963e-01
   2.6143812e-01
   2.6140605e-01
   2.6134399e-01
   2.6125260e-01
   2.6113260e-01
   2.6098479e-01
   2.6081004e-01
   2.6060929e-01
   2.6038352e-01
   2.6013379e-01
   2.5986120e-01
   2.5956691e-01
   2.5925212e-01
   2.5891807e-01
   2.5856603e-01
   2.5819732e-01
   2.5781328e-01
   2.5741526e-01
   3.7653943e-01
   3.3376470e-01
   3.4733435e-01
   3.8353047e-01
   3.4870160e-01
   3.9331392e-01
   4.1558733e-01
   3.9280527e-01
   4.2873553e-01
   4.4289789e-01
   4.3201013e-01
   4.5991915e-01
   4.6872516e-01
   4.6491992e-01
   4.8608177e-01
   4.9165108e-01
   4.9157903e-01
   5.0000000e-01
   5.0000000e-01
   5.0000000e-01
   5.0000000e-01
   5.0000000e-01
   5.0000000e-01
   5.0000000e-01
   5.0000000e-01
   5.0000000e-01
   5.0000000e-01
   5.0000000e-01
   5.0000000e-01
   4.9950508e-01
   4.9979320e-01
   4.9931951e-01
   4.9751595e-01
   4.9613529e-01
   4.9416227e-01
   4.9125568e-01
   4.8851133e-01
   4.8519072e-01
   4.8121095e-01
   4.7725256e-01
   4.7277891e-01
   4.6783198e-01
   4.6282858e-01
   4.5739429e-01
   4.5162224e-01
   4.4576283e-01
   4.3956496e-01
   4.3313471e-01
   4.2662014e-01
   4.1986002e-01
   4.1295487e-01
   4.0599163e-01
   3.9887221e-01
   3.9168407e-01
   3.8447873e-01
   3.7720098e-01
   3.6992340e-01
   3.6267755e-01
   3.5543633e-01
   3.4825823e-01
   3.4116390e-01
   3.3414375e-01
   3.2724405e-01
   3.2047944e-01
   3.1385059e-01
   3.0739351e-01
   3.0111938e-01
   2.9503413e-01
   2.8916532e-01
   2.8352180e-01
   2.7811147e-01
   2.7295493e-01
   2.6805903e-01
   2.6343156e-01
   2.5908729e-01
   2.5503109e-01
   2.5126932e-01
   2.4781179e-01
   2.4466126e-01
   2.4182193e-01
   2.3929930e-01
   2.3709391e-01
   2.3520738e-01
   2.3364146e-01
   2.3239438e-01
   2.3146507e-01
   2.3085196e-01
   2.3055099e-01
   2.3055843e-01
   2.3086983e-01
   2.3147888e-01
   2.3237942e-01
   2.3356444e-01
   2.3502563e-01
   2.3675459e-01
   2.3874217e-01
   2.4097826e-01
   2.4345261e-01
   2.4615426e-01
   2.4907162e-01
   2.5219291e-01
   2.5550581e-01
   2.5899756e-01
   2.6265524e-01
   2.6646556e-01
   2.7041494e-01
   2.7448974e-01
   2.7867607e-01
   2.8295993e-01
   2.8732734e-01
   2.9176421e-01
   2.9625649e-01
   3.0079022e-01
   3.0535151e-01
   3.0992659e-01
   3.1450192e-01
   3.1906412e-01
   3.2360009e-01
   3.2809701e-01
   3.3254234e-01
   3.3692394e-01
   3.4123001e-01
   3.4544916e-01
   3.4957045e-01
   3.5358339e-01
   3.5747795e-01
   3.6124464e-01
   3.6487446e-01
   3.6835897e-01
   3.7169027e-01
   3.7486106e-01
   3.7786458e-01
   3.8069471e-01
   3.8334590e-01
   3.8581323e-01
   3.8809237e-01
   3.9017963e-01
   3.9207194e-01
   3.9376681e-01
   3.9526242e-01
   3.9655752e-01
   3.9765148e-01
   3.9854426e-01
   3.9923641e-01
   3.9972907e-01
   4.0002393e-01
   4.0012323e-01
   4.0002976e-01
   3.9974680e-01
   3.9927817e-01
   3.9862815e-01
   3.9780148e-01
   3.9680334e-01
   3.9563934e-01
   3.9431549e-01
   3.9283816e-01
   3.9121407e-01
   3.8945025e-01
   3.8755407e-01
   3.8553312e-01
   3.8339527e-01
   3.8114859e-01
   3.7880135e-01
   3.7636198e-01
   3.7383904e-01
   3.7124121e-01
   3.6857725e-01
   3.6585598e-01
   3.6308623e-01
   3.6027686e-01
   3.5743668e-01
   3.5457446e-01
   3.5169892e-01
   3.4881865e-01
   3.4594213e-01
   3.4307771e-01
   3.4023355e-01
   3.3741763e-01
   3.3463773e-01
   3.3190141e-01
   3.2921596e-01
   3.2658842e-01
   3.2402556e-01
   3.2153384e-01
   3.1911942e-01
   3.1678812e-01
   3.1454546e-01
   3.1239658e-01
   3.1034629e-01
   3.0839902e-01
   3.0655883e-01
   3.0482943e-01
   3.0321412e-01
   3.0171581e-01
   3.0033706e-01
   2.9908000e-01
   2.9794640e-01
   2.9693762e-01
   2.9605466e-01
   2.9529810e-01
