   0.0000000e+00
   0.0000000e+00
   0.0000000e+00
   0.0000000e+00
   5.0000000e-02
   8.5003115e-02
   1.2000623e-01
   1.6447724e-01
   1.8922496e-01
   2.2493915e-01
   2.6549405e-01
   2.9139179e-01
   3.2536859e-01
   3.6072551e-01
   3.8639499e-01
   4.1766407e-01
   4.4822451e-01
   4.7230519e-01
   4.9996791e-01
   5.0000000e-01
   5.0000000e-01
   5.0000000e-01
   5.0000000e-01
   5.0000000e-01
   5.0000000e-01
   5.0000000e-01
   5.0000000e-01
   5.0000000e-01
   5.0000000e-01
   5.0000000e-01
   5.0000000e-01
   5.0000000e-01
   5.0000000e-01
   5.0000000e-01
   5.0000000e-01
   5.0000000e-01
   5.0000000e-01
   5.0000000e-01
   5.0000000e-01
   5.0000000e-01
   5.0000000e-01
   5.0000000e-01
   5.0000000e-01
   4.9964228e-01
   4.9856188e-01
   4.9653694e-01
   4.9363760e-01
   4.9004521e-01
   4.8567012e-01
   4.8051484e-01
   4.7469907e-01
   4.6818136e-01
   4.6098918e-01
   4.5320823e-01
   4.4482080e-01
   4.3586706e-01
   4.2641384e-01
   4.1646175e-01
   4.0605660e-01
   3.9525376e-01
   3.8406732e-01
   3.7254485e-01
   3.6073476e-01
   3.4866030e-01
   3.3636858e-01
   3.2390350e-01
   3.1129396e-01
   2.9858521e-01
   2.8581778e-01
   2.7302340e-01
   2.6024455e-01
   2.4751870e-01
   2.3487822e-01
   2.2236208e-01
   2.1000461e-01
   1.9783705e-01
   1.8589434e-01
   1.7420731e-01
   1.6280470e-01
   1.5171701e-01
   1.4097108e-01
   1.3059221e-01
   1.2060602e-01
   1.1103500e-01
   1.0190021e-01
   9.3222189e-02
   8.5018683e-02
   7.7306030e-02
   7.0099499e-02
   6.3411864e-02
   5.7254448e-02
   5.1637188e-02
   5.0000000e-02
   5.0000000e-02
   5.0000000e-02
   5.0000000e-02
   5.0000000e-02
   5.0000000e-02
   5.0000000e-02
   5.0000000e-02
   5.0000000e-02
   5.0000000e-02
   5.0198534e-02
   5.0562539e-02
   5.1425764e-02
   5.2949322e-02
   5.4744883e-02
   5.6945217e-02
   5.9680594e-02
   6.2705639e-02
   6.6116004e-02
   6.9963224e-02
   7.4082759e-02
   7.8546361e-02
   8.3362981e-02
   8.8420383e-02
   9.3767067e-02
   9.9389478e-02
   1.0520990e-01
   1.1125722e-01
   1.1750694e-01
   1.2390368e-01
   1.3046111e-01
   1.3715044e-01
   1.4393061e-01
   1.5080424e-01
   1.5774194e-01
   1.6471186e-01
   1.7170913e-01
   1.7870578e-01
   1.8567604e-01
   1.9261044e-01
   1.9948344e-01
   2.0627359e-01
   2.1296903e-01
   2.1954717e-01
   2.2598991e-01
   2.3228470e-01
   2.3841214e-01
   2.4435701e-01
   2.5010732e-01
   2.5564695e-01
   2.6096342e-01
   2.6604615e-01
   2.7088233e-01
   2.7546218e-01
   2.7977717e-01
   2.8381772e-01
   2.8757682e-01
   2.9104833e-01
   2.9422589e-01
   2.9710522e-01
   2.9968279e-01
   3.0195535e-01
   3.0392134e-01
   3.0557993e-01
   3.0693079e-01
   3.0797503e-01
   3.0871445e-01
   3.0915147e-01
   3.0928974e-01
   3.0913352e-01
   3.0868779e-01
   3.0795851e-01
   3.0695223e-01
   3.0567617e-01
   3.0413838e-01
   3.0234742e-01
   3.0031246e-01
   2.9804332e-01
   2.9555029e-01
   2.9284413e-01
   2.8993613e-01
   2.8683792e-01
   2.8356152e-01
   2.8011932e-01
   2.7652395e-01
   2.7278831e-01
   2.6892552e-01
   2.6494884e-01
   2.6087167e-01
   2.5670748e-01
   2.5246980e-01
   2.4817215e-01
   2.4382802e-01
   2.3945082e-01
   2.3505383e-01
   2.3065022e-01
   2.2625293e-01
   2.2187470e-01
   2.1752802e-01
   2.1322507e-01
   2.0897773e-01
   2.0479752e-01
   2.0069560e-01
   1.9668269e-01
   1.9276913e-01
   1.8896478e-01
   1.8527902e-01
   1.8172075e-01
   2.3806575e-01
   2.1361064e-01
   2.1748365e-01
   2.3283189e-01
   2.1283511e-01
   2.3273132e-01
   2.4163479e-01
   2.2819097e-01
   2.4428693e-01
   2.4968514e-01
   2.4274646e-01
   2.5539577e-01
   2.5868399e-01
   2.5585727e-01
   2.6570449e-01
   2.6794498e-01
   2.6755296e-01
   2.7513860e-01
   2.7686482e-01
   2.7779109e-01
   2.8357502e-01
   2.8501079e-01
   2.8652174e-01
   2.9086772e-01
   2.9207336e-01
   2.9369839e-01
   2.9688061e-01
   2.9783888e-01
   2.9928582e-01
   3.0150570e-01
   3.0217116e-01
   3.0326769e-01
   3.0467260e-01
   3.0499841e-01
   3.0565232e-01
   3.0635242e-01
   3.0630366e-01
   3.0647644e-01
   3.0655825e-01
   3.0611730e-01
   3.0580671e-01
   3.0534322e-01
   3.0451086e-01
   3.0373946e-01
   3.0279716e-01
   3.0159126e-01
   3.0039880e-01
   2.9904211e-01
   2.9749531e-01
   2.9593351e-01
   2.9422726e-01
   2.9238416e-01
   2.9051298e-01
   2.8852345e-01
   2.8643773e-01
   2.8432246e-01
   2.8211737e-01
   2.7984903e-01
   2.7755793e-01
   2.7520582e-01
   2.7281854e-01
   2.7042083e-01
   2.6798990e-01
   2.6554872e-01
   2.6311268e-01
   2.6066953e-01
   2.5823864e-01
   2.5583002e-01
   2.5343823e-01
   2.5107911e-01
   2.4875957e-01
   2.4647835e-01
   2.4424812e-01
   2.4207393e-01
   2.3995686e-01
   2.3790685e-01
   2.3592774e-01
   2.3402171e-01
   2.3219635e-01
   2.3045460e-01
   2.2879888e-01
   2.2723481e-01
   2.2576451e-01
   2.2439014e-01
   2.2311559e-01
   2.2194221e-01
   2.2087154e-01
   2.1990598e-01
   2.1904609e-01
   2.1829262e-01
   2.1764666e-01
   2.1710794e-01
   2.1667639e-01
   2.1635188e-01
   2.1613338e-01
   2.1601992e-01
   2.1601036e-01
   2.1610288e-01
   2.1629567e-01
   2.1658671e-01
   2.1697344e-01
   2.1745331e-01
   2.1802350e-01
   2.1868084e-01
   2.1942208e-01
   2.2024377e-01
   2.2114219e-01
   2.2211355e-01
   2.2315388e-01
   2.2425903e-01
   2.2542477e-01
   2.2664675e-01
   2.2792051e-01
   2.2924153e-01
   2.3060521e-01
   2.3200689e-01
   2.3344189e-01
   2.3490550e-01
   2.3639300e-01
   2.3789966e-01
   2.3942080e-01
   2.4095174e-01
   2.4248786e-01
   2.4402459e-01
   2.4555744e-01
   2.4708201e-01
   2.4859396e-01
   2.5008907e-01
   2.5156327e-01
   2.5301256e-01
   2.5443310e-01
   2.5582121e-01
   2.5717334e-01
   2.5848610e-01
   2.5975629e-01
   2.6098087e-01
   2.6215697e-01
   2.6328192e-01
   2.6435325e-01
   2.6536867e-01
   2.6632609e-01
   2.6722363e-01
   2.6805960e-01
   2.6883254e-01
   2.6954118e-01
   2.7018446e-01
   2.7076152e-01
   2.7127173e-01
   2.7171464e-01
   2.7209001e-01
   2.7239782e-01
   2.7263822e-01
   2.7281157e-01
   2.7291841e-01
   2.7295949e-01
   2.7293570e-01
   2.7284814e-01
   2.7269807e-01
   2.7248691e-01
   2.7221622e-01
   2.7188774e-01
   2.7150333e-01
   2.7106499e-01
   2.7057485e-01
   2.7003515e-01
   2.6944824e-01
   2.6881658e-01
   2.6814272e-01
   2.6742928e-01
   2.6667897e-01
   2.6589456e-01
   2.6507887e-01
   2.6423477e-01
   2.6336518e-01
   2.6247303e-01
   2.6156128e-01
   2.6063290e-01
   2.5969087e-01
   2.5873813e-01
   2.5777765e-01
   2.5681235e-01
   2.5584513e-01
   2.5487882e-01
   2.5391625e-01
   2.5296017e-01
   2.5201325e-01
   2.5107813e-01
   2.5015734e-01
   2.4925335e-01
   2.4836854e-01
   2.4750518e-01
   2.4666546e-01
   2.4585146e-01
   2.4506515e-01
   2.4430840e-01
   2.4358294e-01
   2.4289040e-01
   2.4223229e-01
   2.4160999e-01
   2.4102475e-01
   2.4047770e-01
   2.3996983e-01
   2.3950202e-01
   2.3907500e-01
   2.3868938e-01
   2.3834562e-01
   2.3804409e-01
   2.3778499e-01
   2.3756842e-01
   2.3739433e-01
   2.3726258e-01
   2.3717288e-01
   2.3712483e-01
   2.3711792e-01
   2.3715153e-01
   2.3722491e-01
   2.3733723e-01
   2.3748756e-01
   2.3767485e-01
   2.3789798e-01
   2.3815574e-01
   2.3844683e-01
   2.3876987e-01
   2.3912342e-01
   2.3950598e-01
   2.3991596e-01
   2.4035175e-01
   2.4081166e-01
   2.4129397e-01
   2.4179693e-01
   2.4231874e-01
   2.4285758e-01
   2.4341161e-01
   2.4397898e-01
   2.4455782e-01
   2.4514626e-01
   2.4574244e-01
   2.4634448e-01
   2.4695055e-01
   2.4755881e-01
   2.4816745e-01
   2.4877468e-01
   2.4937877e-01
   2.4997798e-01
   2.5057066e-01
   2.5115517e-01
   2.5172993e-01
   2.5229343e-01
   2.5284418e-01
   2.5338080e-01
   2.5390192e-01
   2.5440627e-01
   2.5489265e-01
   2.5535992e-01
   2.5580701e-01
   2.5623293e-01
   2.5663677e-01
   2.5701771e-01
   2.5737498e-01
   2.5770793e-01
   2.5801594e-01
   2.5829853e-01
   2.5855527e-01
   2.5878580e-01
   2.5898987e-01
   2.5916730e-01
   2.5931799e-01
   2.5944192e-01
   2.5953915e-01
   2.5960980e-01
   2.5965411e-01
   2.5967234e-01
   2.5966485e-01
   2.5963207e-01
   2.5957450e-01
   2.5949268e-01
   2.5938725e-01
   2.5925887e-01
   2.5910828e-01
   2.5893628e-01
   2.5874369e-01
   2.5853141e-01
   2.5830036e-01
   2.5805151e-01
   2.5778587e-01
   2.5750448e-01
   2.5720841e-01
   2.5689874e-01
   2.5657660e-01
   2.5624313e-01
   2.5589947e-01
   2.5554678e-01
   2.5518625e-01
   2.5481904e-01
   2.5444634e-01
   2.5406930e-01
   2.5368912e-01
   2.5330693e-01
   2.5292390e-01
   2.5254115e-01
   2.5215979e-01
   2.5178092e-01
   2.5140560e-01
   2.5103487e-01
   2.5066975e-01
   2.5031120e-01
   2.4996018e-01
   2.4961759e-01
   2.4928429e-01
   2.4896113e-01
   2.4864887e-01
   2.4834825e-01
   2.4805999e-01
   2.4778471e-01
   2.4752303e-01
   2.4727548e-01
   2.4704258e-01
   2.4682477e-01
   2.4662245e-01
   2.4643597e-01
   2.4626562e-01
   2.4611165e-01
   2.4597425e-01
   2.4585357e-01
   2.4574968e-01
   2.4566263e-01
   2.4559242e-01
   2.4553897e-01
   2.4550219e-01
   2.4548191e-01
   2.4547795e-01
   2.4549005e-01
   2.4551793e-01
   2.4556126e-01
   2.4561967e-01
   2.4569274e-01
   2.4578005e-01
   2.4588111e-01
   2.4599541e-01
   2.4612240e-01
   2.4626152e-01
   2.4641218e-01
   2.4657374e-01
   2.4674557e-01
   2.4692701e-01
   2.4711737e-01
   2.4731597e-01
   2.4752208e-01
   2.4773499e-01
   2.4795397e-01
   2.4817829e-01
   2.4840721e-01
   2.4863999e-01
   2.4887589e-01
   2.4911417e-01
   2.4935409e-01
   2.4959494e-01
   2.4983599e-01
   2.5007654e-01
   2.5031590e-01
   2.5055338e-01
   2.5078831e-01
   2.5102006e-01
   2.5124800e-01
   2.5147152e-01
   2.5169004e-01
   2.5190300e-01
   2.5210986e-01
   2.5231012e-01
   2.5250330e-01
   2.5268894e-01
   2.5286662e-01
   2.5303595e-01
   2.5319656e-01
   2.5334812e-01
   2.5349033e-01
   2.5362293e-01
   2.5374567e-01
   2.5385835e-01
   2.5396081e-01
   2.5405289e-01
   2.5413451e-01
   2.5420558e-01
   2.5426606e-01
   2.5431594e-01
   2.5435525e-01
   2.5438403e-01
   2.5440236e-01
   2.5441036e-01
   2.5440816e-01
   2.5439593e-01
   2.5437387e-01
   2.5434219e-01
   2.5430113e-01
   2.5425097e-01
   2.5419199e-01
   2.5412450e-01
   2.5404884e-01
   2.5396534e-01
   2.5387439e-01
   3.1354375e-01
   2.9226259e-01
   2.9915223e-01
   3.1735344e-01
   3.0004023e-01
   3.2244542e-01
   3.3367869e-01
   3.2238153e-01
   3.4043760e-01
   3.4760658e-01
   3.4224714e-01
   3.5628253e-01
   3.6076270e-01
   3.5893334e-01
   3.6958348e-01
   3.7243316e-01
   3.7245785e-01
   3.8026955e-01
   3.8203349e-01
   3.8281200e-01
   3.8826604e-01
   3.8919359e-01
   3.9002229e-01
   3.9351671e-01
   3.9370662e-01
   3.9415729e-01
   3.9601244e-01
   3.9549721e-01
   3.9533082e-01
   3.9580443e-01
   3.9459787e-01
   3.9370407e-01
   3.9300802e-01
   3.9113008e-01
   3.8948552e-01
   3.8780062e-01
   3.8528864e-01
   3.8292842e-01
   3.8041592e-01
   3.7732790e-01
   3.7432601e-01
   3.7113557e-01
   3.6754911e-01
   3.6400493e-01
   3.6027956e-01
   3.5628858e-01
   3.5231719e-01
   3.4819575e-01
   3.4390621e-01
   3.3963135e-01
   3.3524917e-01
   3.3077449e-01
   3.2632308e-01
   3.2181139e-01
   3.1726802e-01
   3.1276579e-01
   3.0825028e-01
   3.0375359e-01
   2.9932144e-01
   2.9492045e-01
   2.9058101e-01
   2.8633202e-01
   2.8215452e-01
   2.7807493e-01
   2.7411174e-01
   2.7025539e-01
   2.6652759e-01
   2.6294032e-01
   2.5948972e-01
   2.5619284e-01
   2.5305742e-01
   2.5008266e-01
   2.4728136e-01
   2.4465830e-01
   2.4221395e-01
   2.3995731e-01
   2.3789091e-01
   2.3601531e-01
   2.3433619e-01
   2.3285421e-01
   2.3156928e-01
   2.3048418e-01
   2.2959793e-01
   2.2890935e-01
   2.2841872e-01
   2.2812355e-01
   2.2802137e-01
   2.2811031e-01
   2.2838649e-01
   2.2884610e-01
   2.2948545e-01
   2.3029941e-01
   2.3128287e-01
   2.3243062e-01
   2.3373642e-01
   2.3519404e-01
   2.3679702e-01
   2.3853817e-01
   2.4041033e-01
   2.4240606e-01
   2.4451745e-01
   2.4673659e-01
   2.4905536e-01
   2.5146534e-01
   2.5395810e-01
   2.5652510e-01
   2.5915761e-01
   2.6184696e-01
   2.6458443e-01
   2.6736122e-01
   2.7016864e-01
   2.7299802e-01
   2.7584073e-01
   2.7868828e-01
   2.8153229e-01
   2.8436450e-01
   2.8717683e-01
   2.8996139e-01
   2.9271048e-01
   2.9541663e-01
   2.9807263e-01
   3.0067151e-01
   3.0320657e-01
   3.0567142e-01
   3.0805996e-01
   3.1036643e-01
   3.1258538e-01
   3.1471170e-01
   3.1674064e-01
   3.1866781e-01
   3.2048919e-01
   3.2220111e-01
   3.2380029e-01
   3.2528385e-01
   3.2664926e-01
   3.2789439e-01
   3.2901750e-01
   3.3001723e-01
   3.3089258e-01
   3.3164297e-01
   3.3226816e-01
   3.3276829e-01
   3.3314387e-01
   3.3339575e-01
   3.3352514e-01
   3.3353360e-01
   3.3342298e-01
   3.3319548e-01
   3.3285361e-01
   3.3240015e-01
   3.3183818e-01
   3.3117105e-01
   3.3040235e-01
   3.2953592e-01
   3.2857582e-01
   3.2752633e-01
   3.2639192e-01
   3.2517722e-01
   3.2388705e-01
   3.2252636e-01
   3.2110021e-01
   3.1961382e-01
   3.1807245e-01
   3.1648147e-01
   3.1484631e-01
   3.1317242e-01
   3.1146531e-01
   3.0973048e-01
   3.0797343e-01
   3.0619963e-01
   3.0441453e-01
   3.0262352e-01
   3.0083191e-01
   2.9904494e-01
   2.9726776e-01
   2.9550539e-01
   2.9376277e-01
   2.9204465e-01
   2.9035567e-01
   2.8870030e-01
   2.8708285e-01
   2.8550744e-01
   2.8397801e-01
   2.8249830e-01
   2.8107186e-01
   2.7970200e-01
   2.7839185e-01
   2.7714428e-01
   2.7596196e-01
   2.7484731e-01
   2.7380252e-01
   2.7282955e-01
   2.7193011e-01
   2.7110567e-01
   2.7035745e-01
   2.6968646e-01
   2.6909343e-01
   2.6857886e-01
   2.6814304e-01
   2.6778600e-01
