   0.0000000e+00
   0.0000000e+00
   0.0000000e+00
   0.0000000e+00
   1.8442159e-01
   1.6648357e-01
   2.1898824e-01
   3.0641459e-01
   2.9324889e-01
   3.8352373e-01
   4.5050825e-01
   4.5230410e-01
   5.0000000e-01
   5.0000000e-01
   5.0000000e-01
   5.0000000e-01
   5.0000000e-01
   5.0000000e-01
   5.0000000e-01
   5.0000000e-01
   5.0000000e-01
   5.0000000e-01
   5.0000000e-01
   5.0000000e-01
   5.0000000e-01
   5.0000000e-01
   5.0000000e-01
   5.0000000e-01
   5.0000000e-01
   5.0000000e-01
   5.0000000e-01
   5.0000000e-01
   5.0000000e-01
   5.0000000e-01
   5.0000000e-01
   5.0000000e-01
   5.0000000e-01
   5.0000000e-01
   5.0000000e-01
   5.0000000e-01
   5.0000000e-01
   5.0000000e-01
   5.0000000e-01
   5.0000000e-01
   5.0000000e-01
   5.0000000e-01
   5.0000000e-01
   5.0000000e-01
   5.0000000e-01
   5.0000000e-01
   5.0000000e-01
   5.0000000e-01
   5.0000000e-01
   5.0000000e-01
   5.0000000e-01
   5.0000000e-01
   5.0000000e-01
   5.0000000e-01
   5.0000000e-01
   5.0000000e-01
   5.0000000e-01
   5.0000000e-01
   5.0000000e-01
   5.0000000e-01
   5.0000000e-01
   5.0000000e-01
   4.9953495e-01
   4.9854965e-01
   4.9704577e-01
   4.9494905e-01
   4.9241765e-01
   4.8941909e-01
   4.8589576e-01
   4.8196775e-01
   4.7761425e-01
   4.7281493e-01
   4.6765733e-01
   4.6212907e-01
   4.5623314e-01
   4.5003552e-01
   4.4353264e-01
   4.3674074e-01
   4.2971129e-01
   4.2244856e-01
   4.1497584e-01
   4.0733483e-01
   3.9953596e-01
   3.9160565e-01
   3.8357900e-01
   3.7547068e-01
   3.6730790e-01
   3.5912096e-01
   3.5092711e-01
   3.4275277e-01
   3.3462456e-01
   3.2656076e-01
   3.1858605e-01
   3.1072383e-01
   3.0299223e-01
   2.9541350e-01
   2.8800803e-01
   2.8079277e-01
   2.7378714e-01
   2.6700850e-01
   2.6047186e-01
   2.5419350e-01
   2.4818765e-01
   2.4246685e-01
   2.3704404e-01
   2.3193022e-01
   2.2713508e-01
   2.2266808e-01
   2.1853697e-01
   2.1474830e-01
   2.1130809e-01
   2.0822077e-01
   2.0548968e-01
   2.0311744e-01
   2.0110521e-01
   1.9945316e-01
   1.9816060e-01
   1.9722557e-01
   1.9664516e-01
   1.9641559e-01
   1.9653195e-01
   1.9698847e-01
   1.9777853e-01
   1.9889455e-01
   2.0032814e-01
   2.0207017e-01
   2.0411069e-01
   2.0643905e-01
   2.0904397e-01
   2.1191346e-01
   2.1503502e-01
   2.1839557e-01
   2.2198156e-01
   2.2577897e-01
   2.2977340e-01
   2.3395010e-01
   2.3829402e-01
   2.4278985e-01
   2.4742209e-01
   2.5217507e-01
   2.5703302e-01
   2.6198011e-01
   2.6700051e-01
   2.7207841e-01
   2.7719808e-01
   2.8234393e-01
   2.8750053e-01
   2.9265265e-01
   2.9778532e-01
   3.0288387e-01
   3.0793395e-01
   3.1292158e-01
   3.1783319e-01
   3.2265563e-01
   3.2737622e-01
   3.3198279e-01
   3.3646367e-01
   3.4080776e-01
   3.4500454e-01
   3.4904405e-01
   3.5291698e-01
   3.5661464e-01
   3.6012899e-01
   3.6345265e-01
   3.6657890e-01
   3.6950173e-01
   3.7221579e-01
   3.7471644e-01
   3.7699973e-01
   3.7906241e-01
   3.8090192e-01
   3.8251640e-01
   3.8390466e-01
   3.8506621e-01
   3.8600121e-01
   3.8671049e-01
   3.8719552e-01
   3.8745841e-01
   3.8750188e-01
   3.8732924e-01
   3.8694440e-01
   3.8635180e-01
   3.8555645e-01
   3.8456383e-01
   3.8337995e-01
   3.8201127e-01
   3.8046468e-01
   3.7874749e-01
   3.7686739e-01
   3.7483242e-01
   3.7265096e-01
   3.7033167e-01
   3.6788349e-01
   3.6531558e-01
   3.6263733e-01
   3.5985828e-01
