   0.0000000e+00
   0.0000000e+00
   0.0000000e+00
   0.0000000e+00
   5.0000000e-02
   1.0617957e-01
   1.3418206e-01
   1.7165245e-01
   1.9340948e-01
   2.1364677e-01
   2.5073919e-01
   2.7264815e-01
   2.9354263e-01
   3.2477138e-01
   3.4503002e-01
   3.6562286e-01
   3.9175865e-01
   4.0983401e-01
   4.2867230e-01
   4.5008289e-01
   4.6556383e-01
   4.8170071e-01
   4.9859814e-01
   5.0000000e-01
   5.0000000e-01
   5.0000000e-01
   5.0000000e-01
   5.0000000e-01
   5.0000000e-01
   5.0000000e-01
   5.0000000e-01
   5.0000000e-01
   5.0000000e-01
   5.0000000e-01
   5.0000000e-01
   5.0000000e-01
   4.9928317e-01
   4.9813356e-01
   4.9637565e-01
   4.9305814e-01
   4.8899939e-01
   4.8438065e-01
   4.7852208e-01
   4.7197554e-01
   4.6480810e-01
   4.5663076e-01
   4.4785351e-01
   4.3847721e-01
   4.2829074e-01
   4.1759742e-01
   4.0637687e-01
   3.9452912e-01
   3.8227723e-01
   3.6960078e-01
   3.5646750e-01
   3.4304215e-01
   3.2931299e-01
   3.1528722e-01
   3.0108810e-01
   2.8671471e-01
   2.7219569e-01
   2.5762502e-01
   2.4301148e-01
   2.2839382e-01
   2.1384526e-01
   1.9938177e-01
   1.8504524e-01
   1.7089380e-01
   1.5694776e-01
   1.4324793e-01
   1.2984096e-01
   1.1674891e-01
   1.0400889e-01
   9.1658372e-02
   7.9718879e-02
   6.8222386e-02
   5.7198472e-02
   5.0000000e-02
   5.0000000e-02
   5.0000000e-02
   5.0000000e-02
   5.0000000e-02
   5.0000000e-02
   5.0000000e-02
   5.0000000e-02
   5.0000000e-02
   5.0000000e-02
   5.0000000e-02
   5.0000000e-02
   5.0000000e-02
   5.0000000e-02
   5.0000000e-02
   5.0000000e-02
   5.0000000e-02
   5.0000000e-02
   5.0000000e-02
   5.0000000e-02
   5.0000000e-02
   5.0000000e-02
   5.0000000e-02
   5.0000000e-02
   5.0000000e-02
   5.0136275e-02
   5.0595808e-02
   5.1430770e-02
   5.2595809e-02
   5.4062074e-02
   5.5840416e-02
   5.7920086e-02
   6.0280469e-02
   6.2919425e-02
   6.5822865e-02
   6.8973276e-02
   7.2363863e-02
   7.5978681e-02
   7.9801045e-02
   8.3820743e-02
   8.8020944e-02
   9.2385266e-02
   9.6901127e-02
   1.0155135e-01
   1.0631972e-01
   1.1119219e-01
   1.1615166e-01
   1.2118217e-01
   1.2626897e-01
   1.3139543e-01
   1.3654601e-01
   1.4170594e-01
   1.4685936e-01
   1.5199147e-01
   1.5708798e-01
   1.6213413e-01
   1.6711613e-01
   1.7202064e-01
   1.7683427e-01
   1.8154452e-01
   1.8613936e-01
   1.9060700e-01
   1.9493651e-01
   1.9911746e-01
   2.0313986e-01
   2.0699453e-01
   2.1067288e-01
   2.1416686e-01
   2.1746921e-01
   2.2057333e-01
   2.2347320e-01
   2.2616361e-01
   2.2864000e-01
   2.3089847e-01
   2.3293587e-01
   2.3474973e-01
   2.3633823e-01
   2.3770031e-01
   2.3883553e-01
   2.3974414e-01
   2.4042705e-01
   2.4088580e-01
   2.4112258e-01
   2.4114018e-01
   2.4094199e-01
   2.4053197e-01
   2.3991465e-01
   2.3909508e-01
   2.3807884e-01
   2.3687197e-01
   2.3548099e-01
   2.3391285e-01
   2.3217491e-01
   2.3027491e-01
   2.2822093e-01
   2.2602140e-01
   2.2368502e-01
   2.2122074e-01
   2.1863779e-01
   2.1594555e-01
   2.1315360e-01
   2.1027166e-01
   2.0730955e-01
   2.0427717e-01
   2.0118449e-01
   1.9804147e-01
   1.9485808e-01
   1.9164425e-01
   1.8840983e-01
   1.8516459e-01
   1.8191817e-01
   1.7868006e-01
   1.7545960e-01
   1.7226589e-01
   1.6910784e-01
   1.6599412e-01
   1.6293311e-01
   1.5993291e-01
   1.5700135e-01
   1.5414588e-01
   1.5137366e-01
   1.4869147e-01
   1.4610572e-01
