   0.0000000e+00
   0.0000000e+00
   0.0000000e+00
   0.0000000e+00
   9.4770506e-02
   1.0859717e-01
   1.5060090e-01
   2.1055018e-01
   2.2317094e-01
   2.7964716e-01
   3.2958416e-01
   3.4812204e-01
   3.9901132e-01
   4.4088100e-01
   4.6400233e-01
   5.0000000e-01
   5.0000000e-01
   5.0000000e-01
   5.0000000e-01
   5.0000000e-01
   5.0000000e-01
   5.0000000e-01
   5.0000000e-01
   5.0000000e-01
   5.0000000e-01
   5.0000000e-01
   5.0000000e-01
   5.0000000e-01
   5.0000000e-01
   5.0000000e-01
   5.0000000e-01
   5.0000000e-01
   5.0000000e-01
   5.0000000e-01
   5.0000000e-01
   5.0000000e-01
   5.0000000e-01
   5.0000000e-01
   5.0000000e-01
   5.0000000e-01
   5.0000000e-01
   5.0000000e-01
   5.0000000e-01
   5.0000000e-01
   5.0000000e-01
   5.0000000e-01
   5.0000000e-01
   5.0000000e-01
   5.0000000e-01
   5.0000000e-01
   5.0000000e-01
   4.9934228e-01
   4.9799153e-01
   4.9594356e-01
   4.9309762e-01
   4.8968688e-01
   4.8564452e-01
   4.8089700e-01
   4.7562029e-01
   4.6976991e-01
   4.6332285e-01
   4.5640489e-01
   4.4898823e-01
   4.4108106e-01
   4.3277625e-01
   4.2406155e-01
   4.1496234e-01
   4.0554970e-01
   3.9582448e-01
   3.8582073e-01
   3.7559519e-01
   3.6515867e-01
   3.5454875e-01
   3.4381255e-01
   3.3296779e-01
   3.2205246e-01
   3.1110694e-01
   3.0015313e-01
   2.8922749e-01
   2.7836531e-01
   2.6759037e-01
   2.5693640e-01
   2.4643439e-01
   2.3610815e-01
   2.2598793e-01
   2.1610070e-01
   2.0646886e-01
   1.9711867e-01
   1.8807308e-01
   1.7935200e-01
   1.7097736e-01
   1.6296798e-01
   1.5534049e-01
   1.4811226e-01
   1.4129785e-01
   1.3491007e-01
   1.2896163e-01
   1.2346272e-01
   1.1842202e-01
   1.1384755e-01
   1.0974510e-01
   1.0611910e-01
   1.0297297e-01
   1.0030815e-01
   9.8124830e-02
   9.6422009e-02
   9.5196971e-02
   9.4445779e-02
   9.4163310e-02
   9.4342922e-02
   9.4976847e-02
   9.6056173e-02
   9.7570684e-02
   9.9509142e-02
   1.0185928e-01
   1.0460771e-01
   1.0774019e-01
   1.1124156e-01
   1.1509578e-01
   1.1928607e-01
   1.2379494e-01
   1.2860421e-01
   1.3369512e-01
   1.3904841e-01
   1.4464432e-01
   1.5046271e-01
   1.5648310e-01
   1.6268476e-01
   1.6904672e-01
   1.7554792e-01
   1.8216717e-01
   1.8888331e-01
   1.9567522e-01
   2.0252188e-01
   2.0940244e-01
   2.1629629e-01
   2.2318309e-01
   2.3004286e-01
   2.3685600e-01
   2.4360335e-01
   2.5026625e-01
   2.5682658e-01
   2.6326679e-01
   2.6956998e-01
   2.7571989e-01
   2.8170099e-01
   2.8749846e-01
   2.9309827e-01
   2.9848716e-01
   3.0365273e-01
   3.0858340e-01
   3.1326847e-01
   3.1769812e-01
   3.2186342e-01
   3.2575637e-01
   3.2936988e-01
   3.3269779e-01
   3.3573487e-01
   3.3847682e-01
   3.4092026e-01
   3.4306277e-01
   3.4490279e-01
   3.4643972e-01
   3.4767382e-01
   3.4860625e-01
   3.4923902e-01
   3.4957499e-01
   3.4961783e-01
   3.4937202e-01
   3.4884281e-01
   3.4803620e-01
   3.4695890e-01
   3.4561829e-01
   3.4402243e-01
   3.4217998e-01
   3.4010019e-01
   3.3779285e-01
   3.3526828e-01
   3.3253726e-01
   3.2961098e-01
   3.2650108e-01
   3.2321949e-01
   3.1977850e-01
   3.1619066e-01
   3.1246873e-01
   3.0862570e-01
   3.0467468e-01
   3.0062889e-01
   2.9650164e-01
   2.9230625e-01
   2.8805603e-01
   2.8376426e-01
   2.7944412e-01
   2.7510865e-01
   2.7077075e-01
   2.6644313e-01
   2.6213825e-01
   2.5786833e-01
   2.5364528e-01
   2.4948069e-01
   2.4538579e-01
   2.4137145e-01
   2.3744812e-01
   2.3362582e-01
   2.2991413e-01
   2.2632214e-01
   2.2285845e-01
   2.1953117e-01
   2.1634787e-01
   2.1331556e-01
   2.1044075e-01
   2.0772934e-01
   2.0518668e-01
   2.0281755e-01
   2.0062614e-01
   1.9861606e-01
   1.9679031e-01
   1.9515135e-01
   1.9370103e-01
   1.9244060e-01
   1.9137078e-01
   1.9049170e-01
   1.8980291e-01
   1.8930346e-01
   1.8899181e-01
   1.8886595e-01
   1.8892330e-01
   1.8916084e-01
   1.8957504e-01
   1.9016192e-01
   1.9091705e-01
   1.9183559e-01
   1.9291229e-01
   1.9414152e-01
   1.9551731e-01
   1.9703333e-01
   1.9868297e-01
   2.0045930e-01
   2.0235515e-01
   2.0436312e-01
   2.0647557e-01
   2.0868472e-01
   2.1098258e-01
   2.1336106e-01
   2.1581195e-01
   2.1832696e-01
   2.2089775e-01
   2.2351592e-01
   2.2617311e-01
   2.2886093e-01
   2.3157106e-01
   2.3429524e-01
   2.3702530e-01
   2.3975317e-01
   2.4247094e-01
   2.4517082e-01
   2.4784521e-01
   2.5048671e-01
   2.5308813e-01
   2.5564249e-01
   2.5814309e-01
   2.6058347e-01
   2.6295744e-01
   2.6525913e-01
   2.6748295e-01
   2.6962363e-01
   2.7167622e-01
   2.7363612e-01
   2.7549907e-01
   2.7726114e-01
   2.7891878e-01
   2.8046879e-01
   2.8190833e-01
   2.8323494e-01
   2.8444651e-01
   2.8554132e-01
   2.8651800e-01
   2.8737556e-01
   2.8811337e-01
   2.8873114e-01
   2.8922896e-01
   2.8960727e-01
   2.8986682e-01
   2.9000874e-01
   2.9003445e-01
   2.8994570e-01
   2.8974455e-01
   2.8943335e-01
   2.8901473e-01
   2.8849161e-01
   2.8786715e-01
   2.8714476e-01
   2.8632809e-01
   2.8542101e-01
   2.8442758e-01
   2.8335205e-01
   2.8219886e-01
   2.8097259e-01
   2.7967797e-01
   2.7831985e-01
   2.7690319e-01
   2.7543304e-01
   2.7391453e-01
   2.7235287e-01
   2.7075328e-01
   2.6912102e-01
   2.6746138e-01
   2.6577962e-01
   2.6408102e-01
   2.6237078e-01
   2.6065408e-01
   2.5893603e-01
   2.5722168e-01
   2.5551597e-01
   2.5382373e-01
   2.5214970e-01
   2.5049848e-01
   2.4887453e-01
   2.4728217e-01
   2.4572553e-01
   2.4420862e-01
   2.4273522e-01
   2.4130897e-01
   2.3993328e-01
   2.3861137e-01
   2.3734626e-01
   2.3614075e-01
   2.3499742e-01
   2.3391863e-01
   2.3290653e-01
   2.3196301e-01
   2.3108975e-01
   2.3028821e-01
   2.2955959e-01
   2.2890487e-01
   2.2832481e-01
   2.2781993e-01
   2.2739052e-01
   2.2703665e-01
   2.2675817e-01
   2.2655470e-01
   2.2642567e-01
   2.2637028e-01
   2.2638753e-01
   2.2647624e-01
   2.2663502e-01
   2.2686232e-01
   2.2715638e-01
   2.2751532e-01
   2.2793705e-01
   2.2841937e-01
   2.2895991e-01
   2.2955618e-01
   2.3020556e-01
   2.3090534e-01
   2.3165267e-01
   2.3244462e-01
   2.3327819e-01
   2.3415029e-01
   2.3505776e-01
   2.3599740e-01
   2.3696597e-01
   2.3796018e-01
   2.3897673e-01
   2.4001230e-01
   2.4106357e-01
   2.4212723e-01
   2.4319997e-01
   2.4427852e-01
   2.4535964e-01
   2.4644014e-01
   2.4751687e-01
   2.4858675e-01
   2.4964676e-01
   2.5069396e-01
   2.5172550e-01
   2.5273862e-01
   2.5373064e-01
   2.5469900e-01
   2.5564124e-01
   2.5655503e-01
   2.5743814e-01
   2.5828848e-01
   2.5910408e-01
   2.5988311e-01
   2.6062386e-01
   2.6132477e-01
   2.6198443e-01
   2.6260155e-01
   2.6317501e-01
   2.6370381e-01
   2.6418711e-01
   2.6462421e-01
   2.6501457e-01
   2.6535778e-01
   2.6565357e-01
   2.6590184e-01
   2.6610259e-01
   2.6625599e-01
   2.6636233e-01
   2.6642205e-01
   2.6643570e-01
   2.6640396e-01
   2.6632764e-01
   2.6620767e-01
   2.6604507e-01
   2.6584099e-01
   2.6559668e-01
   2.6531348e-01
   2.6499284e-01
   2.6463626e-01
   2.6424537e-01
   2.6382183e-01
   2.6336740e-01
   2.6288389e-01
   2.6237317e-01
   2.6183715e-01
   2.6127780e-01
   2.6069711e-01
   2.6009711e-01
   2.5947987e-01
   2.5884745e-01
   2.5820193e-01
   2.5754541e-01
   2.5687998e-01
   2.5620771e-01
   2.5553068e-01
   2.5485094e-01
   2.5417051e-01
   2.5349139e-01
   2.5281555e-01
   2.5214490e-01
   2.5148133e-01
   2.5082665e-01
   2.5018263e-01
   2.4955100e-01
   2.4893340e-01
   2.4833141e-01
   2.4774654e-01
   2.4718023e-01
   2.4663385e-01
   2.4610868e-01
   2.4560591e-01
   2.4512667e-01
   2.4467197e-01
   2.4424277e-01
   2.4383992e-01
   2.4346417e-01
   2.4311620e-01
   2.4279660e-01
   2.4250583e-01
   2.4224432e-01
   2.4201235e-01
   2.4181013e-01
   2.4163781e-01
   2.4149540e-01
   2.4138285e-01
   2.4130003e-01
   2.4124670e-01
   2.4122256e-01
   2.4122723e-01
   2.4126023e-01
   2.4132103e-01
   2.4140902e-01
   2.4152350e-01
   2.4166372e-01
   2.4182889e-01
   2.4201811e-01
   2.4223047e-01
   2.4246497e-01
   2.4272059e-01
   2.4299625e-01
   2.4329083e-01
   2.4360317e-01
   2.4393208e-01
   2.4427634e-01
   2.4463471e-01
   2.4500592e-01
   2.4538868e-01
   2.4578169e-01
   2.4618365e-01
   2.4659324e-01
   2.4700915e-01
   2.4743007e-01
   2.4785468e-01
   2.4828169e-01
   2.4870981e-01
   2.4913778e-01
   2.4956436e-01
   2.4998831e-01
   2.5040845e-01
   2.5082359e-01
   2.5123263e-01
   2.5163444e-01
   2.5202798e-01
   2.5241222e-01
   2.5278620e-01
   2.5314897e-01
   2.5349966e-01
   2.5383744e-01
   2.5416151e-01
   2.5447115e-01
   2.5476568e-01
   2.5504448e-01
   2.5530698e-01
   2.5555268e-01
   2.5578111e-01
   2.5599188e-01
   2.5618466e-01
   2.5635916e-01
   2.5651517e-01
   2.5665251e-01
   2.5677108e-01
   2.5687082e-01
   2.5695175e-01
   2.5701392e-01
   2.5705744e-01
   2.5708249e-01
   2.5708927e-01
   2.5707805e-01
   2.5704915e-01
   2.5700294e-01
   2.5693981e-01
   2.5686021e-01
   2.5676465e-01
   2.5665364e-01
   2.5652776e-01
   2.5638760e-01
   2.5623381e-01
   2.5606703e-01
   2.5588796e-01
   2.5569733e-01
   2.5549586e-01
   2.5528431e-01
   2.5506346e-01
   2.5483410e-01
   2.5459704e-01
   2.5435308e-01
   2.5410305e-01
   2.5384777e-01
   2.5358807e-01
   2.5332477e-01
   2.5305871e-01
   2.5279070e-01
   2.5252156e-01
   2.5225208e-01
   2.5198306e-01
   2.5171528e-01
   2.5144950e-01
   2.5118647e-01
   2.5092690e-01
   2.5067151e-01
   2.5042097e-01
   2.5017593e-01
   2.4993704e-01
   2.4970488e-01
   2.4948003e-01
   2.4926303e-01
   2.4905439e-01
   2.4885459e-01
   2.4866407e-01
   2.4848325e-01
   2.4831249e-01
   2.4815215e-01
   2.4800252e-01
   2.4786387e-01
   2.4773644e-01
   2.4762041e-01
   2.4751596e-01
   2.4742320e-01
   2.4734223e-01
   2.4727308e-01
   2.4721578e-01
   2.4717032e-01
   2.4713663e-01
   2.4711463e-01
   2.4710420e-01
   2.4710519e-01
   2.4711741e-01
   2.4714066e-01
   2.4717470e-01
   2.4721925e-01
   2.4727403e-01
   2.4733870e-01
   2.4741293e-01
   2.4749635e-01
   2.4758856e-01
   2.4768918e-01
   2.4779776e-01
   2.4791387e-01
   2.4803705e-01
   2.4816683e-01
   2.4830272e-01
   2.4844424e-01
   2.4859088e-01
   2.4874214e-01
   2.4889749e-01
   2.4905643e-01
   2.4921843e-01
   2.4938297e-01
   2.4954954e-01
   2.4971760e-01
   2.4988666e-01
   2.5005619e-01
   2.5022570e-01
   2.5039470e-01
   2.5056269e-01
   2.5072921e-01
   2.5089379e-01
   2.5105598e-01
   2.5121534e-01
   2.5137145e-01
   2.5152392e-01
   2.5167235e-01
   2.5181637e-01
   2.5195562e-01
   2.5208979e-01
   2.5221856e-01
   2.5234163e-01
   2.5245873e-01
   2.5256963e-01
   2.5267408e-01
   2.5277190e-01
   2.5286289e-01
   2.5294689e-01
   2.5302378e-01
   2.5309344e-01
   2.5315578e-01
   2.5321074e-01
   2.5325826e-01
   2.5329833e-01
   2.5333094e-01
   2.5335613e-01
   2.5337392e-01
   2.5338439e-01
   2.5338762e-01
   2.5338371e-01
   2.5337280e-01
   2.5335501e-01
   2.5333051e-01
   2.5329947e-01
   2.5326210e-01
   2.5321859e-01
   2.5316918e-01
   2.5311409e-01
   2.5305359e-01
   2.5298792e-01
   2.5291736e-01
   2.5284220e-01
   2.5276273e-01
   2.5267924e-01
   2.5259204e-01
   2.5250146e-01
   2.5240779e-01
   2.5231137e-01
   2.5221252e-01
   2.5211157e-01
   2.5200884e-01
   2.5190467e-01
   2.5179937e-01
   2.5169328e-01
   2.5158671e-01
   2.5147999e-01
   2.5137342e-01
   2.5126733e-01
   2.5116200e-01
   2.5105774e-01
   2.5095483e-01
   2.5085355e-01
   2.5075417e-01
   2.5065696e-01
   2.5056215e-01
   2.5047000e-01
   2.5038073e-01
   2.5029454e-01
   2.5021166e-01
   2.5013226e-01
   2.5005653e-01
   2.4998462e-01
   2.4991669e-01
   2.4985287e-01
   2.4979328e-01
   2.4973804e-01
   2.4968723e-01
   2.4964094e-01
   2.4959923e-01
   2.4956214e-01
   2.4952971e-01
   2.4950197e-01
   2.4947893e-01
   2.4946057e-01
   2.4944687e-01
   2.4943781e-01
   2.4943333e-01
   2.4943338e-01
   2.4943789e-01
   2.4944677e-01
   2.4945993e-01
   2.4947726e-01
   2.4949865e-01
   2.4952397e-01
   2.4955309e-01
   2.4958585e-01
   2.4962212e-01
   2.4966172e-01
   2.4970448e-01
   2.4975025e-01
   2.4979882e-01
   2.4985003e-01
   2.4990367e-01
   2.4995955e-01
   2.5001748e-01
   2.5007725e-01
   2.5013866e-01
   2.5020151e-01
   2.5026558e-01
   2.5033067e-01
   2.5039658e-01
   2.5046310e-01
   2.5053003e-01
   2.5059717e-01
   2.5066431e-01
   2.5073126e-01
   2.5079782e-01
   2.5086382e-01
   2.5092906e-01
   2.5099337e-01
   2.5105657e-01
   2.5111850e-01
   2.5117900e-01
   2.5123791e-01
   2.5129508e-01
   2.5135038e-01
   2.5140367e-01
   2.5145483e-01
   2.5150375e-01
   2.5155031e-01
   2.5159441e-01
   2.5163598e-01
   2.5167492e-01
   2.5171116e-01
   2.5174464e-01
   2.5177531e-01
   2.5180311e-01
   2.5182802e-01
   2.5185001e-01
   2.5186905e-01
   2.5188514e-01
   2.5189828e-01
   2.5190848e-01
   2.5191575e-01
   2.5192011e-01
   2.5192161e-01
   2.5192028e-01
   2.5191616e-01
   2.5190932e-01
   2.5189982e-01
   2.5188772e-01
   2.5187311e-01
   2.5185606e-01
   2.5183666e-01
   2.5181501e-01
   2.5179121e-01
   2.5176535e-01
   2.5173755e-01
   2.5170792e-01
   2.5167657e-01
   2.5164363e-01
   2.5160920e-01
   2.5157342e-01
   2.5153642e-01
   2.5149831e-01
   2.5145923e-01
   2.5141931e-01
   2.5137868e-01
   2.5133746e-01
   2.5129579e-01
   2.5125379e-01
   2.5121159e-01
   2.5116933e-01
   2.5112712e-01
   2.5108508e-01
   2.5104334e-01
   2.5100202e-01
   2.5096122e-01
   2.5092105e-01
   2.5088164e-01
   2.5084307e-01
   2.5080545e-01
   2.5076887e-01
   2.5073342e-01
   2.5069920e-01
   2.5066627e-01
   2.5063472e-01
   2.5060461e-01
   2.5057602e-01
   2.5054899e-01
   2.5052360e-01
   2.5049987e-01
   2.5047786e-01
