   0.0000000e+00
   0.0000000e+00
   0.0000000e+00
   0.0000000e+00
   2.7407268e-01
   2.2436997e-01
   2.8737558e-01
   4.0227899e-01
   3.6332685e-01
   4.8740029e-01
   5.0000000e-01
   4.8505382e-01
   5.0000000e-01
   5.0000000e-01
   5.0000000e-01
   5.0000000e-01
   5.0000000e-01
   5.0000000e-01
   5.0000000e-01
   5.0000000e-01
   5.0000000e-01
   5.0000000e-01
   5.0000000e-01
   5.0000000e-01
   5.0000000e-01
   5.0000000e-01
   5.0000000e-01
   5.0000000e-01
   5.0000000e-01
   5.0000000e-01
   5.0000000e-01
   5.0000000e-01
   5.0000000e-01
   5.0000000e-01
   5.0000000e-01
   5.0000000e-01
   5.0000000e-01
   5.0000000e-01
   5.0000000e-01
   5.0000000e-01
   5.0000000e-01
   5.0000000e-01
   5.0000000e-01
   5.0000000e-01
   5.0000000e-01
   5.0000000e-01
   5.0000000e-01
   5.0000000e-01
   5.0000000e-01
   5.0000000e-01
   5.0000000e-01
   5.0000000e-01
   5.0000000e-01
   5.0000000e-01
   5.0000000e-01
   5.0000000e-01
   5.0000000e-01
   5.0000000e-01
   5.0000000e-01
   5.0000000e-01
   5.0000000e-01
   5.0000000e-01
   5.0000000e-01
   5.0000000e-01
   5.0000000e-01
   5.0000000e-01
   5.0000000e-01
   5.0000000e-01
   5.0000000e-01
   5.0000000e-01
   5.0000000e-01
   5.0000000e-01
   5.0000000e-01
   5.0000000e-01
   5.0000000e-01
   5.0000000e-01
   5.0000000e-01
   5.0000000e-01
   5.0000000e-01
   5.0000000e-01
   5.0000000e-01
   5.0000000e-01
   5.0000000e-01
   5.0000000e-01
   5.0000000e-01
   5.0000000e-01
   5.0000000e-01
   5.0000000e-01
   4.9996031e-01
   4.9956913e-01
   4.9883278e-01
   4.9774960e-01
   4.9627949e-01
   4.9453004e-01
   4.9246388e-01
   4.9005500e-01
   4.8738517e-01
   4.8442996e-01
   4.8118455e-01
   4.7770719e-01
   4.7398333e-01
   4.7002114e-01
   4.6586360e-01
   4.6150465e-01
   4.5695939e-01
   4.5226084e-01
   4.4740977e-01
   4.4242455e-01
   4.3733173e-01
   4.3213713e-01
   4.2686018e-01
   4.2152318e-01
   4.1613532e-01
   4.1071583e-01
   4.0528400e-01
   3.9985102e-01
   3.9443512e-01
   3.8905330e-01
   3.8371756e-01
   3.7844465e-01
   3.7324958e-01
   3.6814429e-01
   3.6314371e-01
   3.5826094e-01
   3.5350715e-01
   3.4889526e-01
   3.4443642e-01
   3.4014051e-01
   3.3601827e-01
   3.3207885e-01
   3.2833045e-01
   3.2478153e-01
   3.2143915e-01
   3.1830960e-01
   3.1539901e-01
   3.1271229e-01
   3.1025365e-01
   3.0802691e-01
   3.0603481e-01
   3.0427943e-01
   3.0276231e-01
   3.0148405e-01
   3.0044461e-01
   2.9964337e-01
   2.9907885e-01
   2.9874899e-01
   2.9865112e-01
   2.9878183e-01
   2.9913716e-01
   2.9971257e-01
   3.0050290e-01
   3.0150248e-01
   3.0270512e-01
   3.0410410e-01
   3.0569226e-01
   3.0746201e-01
   3.0940531e-01
   3.1151377e-01
   3.1377865e-01
   3.1619088e-01
   3.1874111e-01
   3.2141973e-01
   3.2421689e-01
   3.2712258e-01
   3.3012661e-01
   3.3321867e-01
   3.3638834e-01
   3.3962517e-01
   3.4291864e-01
   3.4625826e-01
   3.4963355e-01
   3.5303410e-01
   3.5644959e-01
   3.5986981e-01
   3.6328471e-01
   3.6668440e-01
   3.7005919e-01
   3.7339963e-01
   3.7669650e-01
   3.7994088e-01
   3.8312410e-01
   3.8623784e-01
   3.8927410e-01
   3.9222523e-01
   3.9508396e-01
   3.9784339e-01
   4.0049703e-01
   4.0303879e-01
   4.0546301e-01
   4.0776445e-01
   4.0993834e-01
   4.1198032e-01
   4.1388650e-01
   4.1565346e-01
   4.1727821e-01
   4.1875826e-01
   4.2009155e-01
   4.2127649e-01
   4.2231196e-01
   4.2319728e-01
