   0.0000000e+00
   0.0000000e+00
   1.0000000e+02
   0.0000000e+00
   0.0000000e+00
   6.3140879e+01
   5.7503075e+01
   1.5587244e+01
   1.9366600e+01
   4.3722775e+01
   3.7988402e+01
   2.0882638e+01
   2.3548290e+01
   3.2397271e+01
   2.8401528e+01
   2.1228672e+01
   2.2429837e+01
   2.5235176e+01
   2.2681440e+01
   1.9447262e+01
   1.9697043e+01
   2.0232251e+01
   1.8583652e+01
   1.6916538e+01
   1.6679589e+01
   1.6418367e+01
   1.5292202e+01
   1.4269902e+01
   1.3831592e+01
   1.3335335e+01
   1.2510819e+01
   1.1779737e+01
   1.1289974e+01
   1.0765050e+01
   1.0125525e+01
   9.5505804e+00
   9.0801442e+00
   8.5975664e+00
   8.0831637e+00
   7.6113482e+00
   7.1898185e+00
   6.7701825e+00
   6.3494689e+00
   5.9578307e+00
   5.5947721e+00
   5.2404458e+00
   4.8955232e+00
   4.5718409e+00
   4.2676019e+00
   3.9746705e+00
   3.6939185e+00
   3.4297545e+00
   3.1806812e+00
   2.9432857e+00
   2.7180167e+00
   2.5063353e+00
   2.3072041e+00
   2.1190880e+00
   1.9420746e+00
   1.7764878e+00
   1.6216183e+00
   1.4766731e+00
   1.3415301e+00
   1.2160942e+00
   1.0998534e+00
   9.9231244e-01
   8.9325088e-01
   8.0243375e-01
   7.1946387e-01
   6.4397350e-01
   5.7570784e-01
   5.1439879e-01
   4.5971894e-01
   4.1136419e-01
   3.6907852e-01
   3.3260013e-01
   3.0164867e-01
   2.7596009e-01
   2.5529280e-01
   2.3940514e-01
   2.2805263e-01
   2.2100237e-01
   2.1803387e-01
   2.1892980e-01
   2.2347584e-01
   2.3146643e-01
   2.4270446e-01
   2.5699748e-01
   2.7415797e-01
   2.9400559e-01
   3.1636674e-01
   3.4107298e-01
   3.6796126e-01
   3.9687474e-01
   4.2766241e-01
   4.6017846e-01
   4.9428235e-01
   5.2983903e-01
   5.6671872e-01
   6.0479659e-01
   6.4395275e-01
   6.8407225e-01
   7.2504491e-01
   7.6676515e-01
   8.0913192e-01
   8.5204862e-01
   8.9542297e-01
   9.3916688e-01
   9.8319635e-01
   1.0274314e+00
   1.0717959e+00
   1.1162175e+00
   1.1606275e+00
   1.2049609e+00
   1.2491559e+00
   1.2931544e+00
   1.3369011e+00
   1.3803444e+00
   1.4234352e+00
   1.4661279e+00
   1.5083792e+00
   1.5501491e+00
   1.5913999e+00
   1.6320967e+00
   1.6722069e+00
   1.7117004e+00
   1.7505495e+00
   1.7887287e+00
   1.8262144e+00
   1.8629853e+00
   1.8990222e+00
   1.9343075e+00
   1.9688256e+00
   2.0025627e+00
   2.0355065e+00
   2.0676464e+00
   2.0989734e+00
   2.1294800e+00
   2.1591599e+00
   2.1880084e+00
   2.2160218e+00
   2.2431978e+00
   2.2695352e+00
   2.2950339e+00
   2.3196950e+00
   2.3435202e+00
   2.3665126e+00
   2.3886758e+00
   2.4100144e+00
   2.4305339e+00
   2.4502402e+00
   2.4691403e+00
   2.4872416e+00
   2.5045521e+00
   2.5210805e+00
   2.5368359e+00
   2.5518280e+00
   2.5660669e+00
   2.5795631e+00
   2.5923275e+00
   2.6043713e+00
   2.6157062e+00
   2.6263441e+00
   2.6362969e+00
   2.6455772e+00
   2.6541975e+00
   2.6621706e+00
   2.6695093e+00
   2.6762268e+00
   2.6823362e+00
   2.6878507e+00
   2.6927838e+00
   2.6971487e+00
   2.7009590e+00
   2.7042281e+00
   2.7069694e+00
   2.7091963e+00
   2.7109223e+00
   2.7121608e+00
   2.7129250e+00
   2.7132281e+00
   2.7130835e+00
   2.7125040e+00
   2.7115027e+00
   2.7100926e+00
   2.7082862e+00
   2.7060963e+00
   2.7035353e+00
   2.7006155e+00
   2.6973492e+00
   2.6937485e+00
   2.6898251e+00
   2.6855909e+00
   2.6810574e+00
   2.6762359e+00
   2.6711376e+00
   2.6657736e+00
   2.6601547e+00
   2.6542916e+00
   2.6481948e+00
   2.6418744e+00
   2.6353406e+00
   2.6286033e+00
   2.6216721e+00
   2.6145567e+00
   2.6072662e+00
   2.5998099e+00
   2.5921966e+00
   2.5844350e+00
   2.5765337e+00
   2.5685011e+00
   2.5603452e+00
   2.5520741e+00
   2.5436956e+00
   2.5352171e+00
   2.5266462e+00
   2.5179899e+00
   2.5092555e+00
   2.5004496e+00
   2.4915790e+00
   2.4826503e+00
   2.4736696e+00
   2.4646432e+00
   2.4555771e+00
   2.4464770e+00
   2.4373487e+00
   2.4281976e+00
   2.4190291e+00
   2.4098484e+00
   2.4006605e+00
   2.3914702e+00
   2.3822823e+00
   2.3731015e+00
   2.3639321e+00
   2.3547784e+00
   2.3456447e+00
   2.3365350e+00
   2.3274532e+00
   2.3184030e+00
   2.3093883e+00
   2.3004124e+00
   2.2914788e+00
   2.2825909e+00
   2.2737518e+00
   2.2649646e+00
   2.2562323e+00
   2.2475577e+00
   2.2389438e+00
   2.2303930e+00
   2.2219081e+00
   2.2134914e+00
   2.2051454e+00
   2.1968724e+00
   2.1886747e+00
   2.1805542e+00
   2.1725132e+00
   2.1645536e+00
   2.1566772e+00
   2.1488859e+00
   2.1411815e+00
   2.1335657e+00
   2.1260400e+00
   2.1186060e+00
   2.1112652e+00
   2.1040190e+00
   2.0968688e+00
   2.0898158e+00
   2.0828615e+00
   2.0760068e+00
   2.0692530e+00
   2.0626012e+00
   2.0560523e+00
   2.0496075e+00
   2.0432676e+00
   2.0370336e+00
   2.0309063e+00
   2.0248865e+00
   2.0189750e+00
   2.0131726e+00
   2.0074799e+00
   2.0018976e+00
   1.9964264e+00
   1.9910668e+00
   1.9858194e+00
   1.9806848e+00
   1.9756633e+00
   1.9707556e+00
   1.9659621e+00
   1.9612830e+00
   1.9567190e+00
   1.9522702e+00
   1.9479370e+00
   1.9437198e+00
   1.9396189e+00
   1.9356344e+00
   1.9317666e+00
   1.9280159e+00
   1.9243822e+00
   1.9208659e+00
   1.9174671e+00
   1.9141859e+00
   1.9110224e+00
   1.9079768e+00
   1.9050491e+00
   1.9022394e+00
   1.8995477e+00
   1.8969741e+00
   1.8945186e+00
   1.8921811e+00
   1.8899618e+00
   1.8878604e+00
   1.8858771e+00
   1.8840117e+00
   1.8822642e+00
   1.8806344e+00
   1.8791223e+00
   1.8777277e+00
   1.8764506e+00
   1.8752908e+00
   1.8742480e+00
   1.8733223e+00
   1.8725133e+00
   1.8718209e+00
   1.8712448e+00
   1.8707850e+00
   1.8704410e+00
   1.8702128e+00
   1.8700999e+00
   1.8701023e+00
   1.8702195e+00
   1.8704513e+00
   1.8707974e+00
   1.8712575e+00
   1.8718313e+00
   1.8725183e+00
   1.8733183e+00
   1.8742310e+00
   1.8752559e+00
   1.8763926e+00
   1.8776408e+00
   1.8790000e+00
   1.8804699e+00
   1.8820499e+00
   1.8837398e+00
   1.8855389e+00
   1.8874469e+00
   1.8894633e+00
   1.8915875e+00
   1.8938192e+00
   1.8961577e+00
   1.8986025e+00
   1.9011532e+00
   1.9038092e+00
   1.9065699e+00
   1.9094347e+00
   1.9124031e+00
   1.9154745e+00
   1.9186483e+00
   1.9219239e+00
   1.9253005e+00
   1.9287777e+00
   1.9323548e+00
   1.9360310e+00
   1.9398058e+00
   1.9436784e+00
   1.9476481e+00
   1.9517143e+00
   1.9558761e+00
   1.9601330e+00
   1.9644841e+00
   1.9689287e+00
   1.9734661e+00
   1.9780954e+00
   1.9828158e+00
   1.9876266e+00
   1.9925270e+00
   1.9975161e+00
   2.0025931e+00
   2.0077572e+00
   2.0130075e+00
   2.0183430e+00
   2.0237631e+00
   2.0292667e+00
   2.0348530e+00
   2.0405211e+00
   2.0462699e+00
   2.0520987e+00
   2.0580065e+00
   2.0639922e+00
   2.0700550e+00
   2.0761938e+00
   2.0824078e+00
   2.0886958e+00
   2.0950569e+00
   2.1014901e+00
   2.1079943e+00
   2.1145685e+00
   2.1212117e+00
   2.1279227e+00
   2.1347006e+00
   2.1415443e+00
   2.1484526e+00
   2.1554246e+00
   2.1624590e+00
   2.1695547e+00
   2.1767108e+00
   2.1839259e+00
   2.1911990e+00
   2.1985290e+00
   2.2059146e+00
   2.2133548e+00
   2.2208483e+00
   2.2283940e+00
   2.2359906e+00
   2.2436371e+00
   2.2513321e+00
   2.2590745e+00
   2.2668631e+00
   2.2746966e+00
   2.2825738e+00
   2.2904935e+00
   2.2984545e+00
   2.3064554e+00
   2.3144950e+00
   2.3225721e+00
   2.3306854e+00
   2.3388336e+00
   2.3470154e+00
   2.3552296e+00
   2.3634749e+00
   2.3717500e+00
   2.3800535e+00
   2.3883842e+00
   2.3967408e+00
   2.4051220e+00
   2.4135264e+00
   2.4219527e+00
   2.4303996e+00
   2.4388658e+00
   2.4473500e+00
   2.4558507e+00
   2.4643668e+00
   2.4728968e+00
   2.4814394e+00
   2.4899933e+00
   2.4985571e+00
   2.5071295e+00
   2.5157091e+00
   2.5242946e+00
   2.5328846e+00
   2.5414778e+00
   2.5500729e+00
   2.5586684e+00
   2.5672631e+00
   2.5758556e+00
   2.5844445e+00
   2.5930285e+00
   2.6016062e+00
   2.6101763e+00
   2.6187374e+00
   2.6272883e+00
   2.6358274e+00
   2.6443536e+00
   2.6528654e+00
   2.6613616e+00
   2.6698407e+00
   2.6783015e+00
   2.6867426e+00
   2.6951627e+00
   2.7035604e+00
   2.7119345e+00
   2.7202836e+00
   2.7286064e+00
   2.7369016e+00
   2.7451679e+00
   2.7534040e+00
   2.7616085e+00
   2.7697803e+00
   2.7779179e+00
   2.7860202e+00
   2.7940858e+00
   2.8021134e+00
   2.8101019e+00
   2.8180500e+00
   2.8259563e+00
   2.8338196e+00
   2.8416388e+00
   2.8494125e+00
   2.8571396e+00
   2.8648188e+00
   2.8724489e+00
   2.8800287e+00
   2.8875571e+00
   2.8950327e+00
   2.9024545e+00
   2.9098213e+00
   2.9171318e+00
   2.9243851e+00
   2.9315798e+00
   2.9387149e+00
   2.9457892e+00
   2.9528017e+00
   2.9597512e+00
   2.9666366e+00
   2.9734568e+00
   2.9802108e+00
   2.9868975e+00
   2.9935158e+00
   3.0000647e+00
   3.0065432e+00
   3.0129501e+00
   3.0192846e+00
   3.0255456e+00
   3.0317321e+00
   3.0378432e+00
   3.0438779e+00
   3.0498351e+00
   3.0557141e+00
   3.0615138e+00
   3.0672333e+00
   3.0728718e+00
   3.0784283e+00
   3.0839020e+00
   3.0892919e+00
   3.0945973e+00
   3.0998173e+00
   3.1049511e+00
   3.1099979e+00
   3.1149568e+00
   3.1198271e+00
   3.1246080e+00
   3.1292988e+00
   3.1338986e+00
   3.1384069e+00
   3.1428228e+00
   3.1471457e+00
   3.1513749e+00
   3.1555098e+00
   3.1595495e+00
   3.1634936e+00
   3.1673415e+00
   3.1710924e+00
   3.1747458e+00
   3.1783011e+00
   3.1817578e+00
   3.1851153e+00
   3.1883731e+00
   3.1915306e+00
   3.1945874e+00
   3.1975430e+00
   3.2003969e+00
   3.2031486e+00
   3.2057978e+00
   3.2083440e+00
   3.2107868e+00
   3.2131258e+00
   3.2153607e+00
   3.2174910e+00
   3.2195165e+00
   3.2214368e+00
   3.2232517e+00
   3.2249608e+00
   3.2265638e+00
   3.2280606e+00
   3.2294509e+00
   3.2307344e+00
   3.2319110e+00
   3.2329804e+00
   3.2339426e+00
   3.2347973e+00
   3.2355444e+00
   3.2361838e+00
   3.2367154e+00
   3.2371391e+00
   3.2374548e+00
   3.2376626e+00
   3.2377622e+00
   3.2377539e+00
   3.2376374e+00
   3.2374130e+00
   3.2370805e+00
   3.2366401e+00
   3.2360917e+00
   3.2354356e+00
   3.2346718e+00
   3.2338005e+00
   3.2328216e+00
   3.2317355e+00
   3.2305423e+00
   3.2292422e+00
   3.2278354e+00
   3.2263221e+00
   3.2247025e+00
   3.2229769e+00
   3.2211456e+00
   3.2192088e+00
   3.2171670e+00
   3.2150203e+00
   3.2127692e+00
   3.2104139e+00
   3.2079549e+00
   3.2053926e+00
   3.2027273e+00
   3.1999595e+00
   3.1970896e+00
   3.1941181e+00
   3.1910454e+00
   3.1878721e+00
   3.1845986e+00
   3.1812254e+00
   3.1777531e+00
   3.1741822e+00
   3.1705133e+00
   3.1667470e+00
   3.1628839e+00
   3.1589245e+00
   3.1548696e+00
   3.1507197e+00
   3.1464755e+00
   3.1421377e+00
   3.1377069e+00
   3.1331839e+00
   3.1285694e+00
   3.1238641e+00
   3.1190688e+00
   3.1141842e+00
   3.1092110e+00
   3.1041501e+00
   3.0990023e+00
   3.0937684e+00
   3.0884492e+00
   3.0830456e+00
   3.0775583e+00
   3.0719884e+00
   3.0663366e+00
   3.0606039e+00
   3.0547911e+00
   3.0488992e+00
   3.0429291e+00
   3.0368818e+00
   3.0307582e+00
   3.0245593e+00
   3.0182861e+00
   3.0119395e+00
   3.0055205e+00
   2.9990303e+00
   2.9924697e+00
   2.9858399e+00
   2.9791419e+00
   2.9723768e+00
   2.9655455e+00
   2.9586493e+00
   2.9516892e+00
   2.9446662e+00
   2.9375816e+00
   2.9304364e+00
   2.9232317e+00
   2.9159688e+00
   2.9086487e+00
   2.9012726e+00
   2.8938417e+00
   2.8863571e+00
   2.8788201e+00
   2.8712317e+00
   2.8635933e+00
   2.8559061e+00
   2.8481712e+00
   2.8403899e+00
   2.8325633e+00
   2.8246929e+00
   2.8167797e+00
   2.8088250e+00
   2.8008302e+00
   2.7927964e+00
   2.7847249e+00
   2.7766171e+00
   2.7684742e+00
   2.7602974e+00
   2.7520882e+00
   2.7438477e+00
   2.7355773e+00
   2.7272783e+00
   2.7189519e+00
   2.7105996e+00
   2.7022227e+00
   2.6938224e+00
   2.6854001e+00
   2.6769572e+00
   2.6684949e+00
   2.6600146e+00
   2.6515177e+00
   2.6430054e+00
   2.6344792e+00
   2.6259404e+00
   2.6173903e+00
   2.6088303e+00
   2.6002618e+00
   2.5916860e+00
   2.5831044e+00
   2.5745184e+00
   2.5659292e+00
   2.5573382e+00
   2.5487468e+00
   2.5401564e+00
   2.5315683e+00
   2.5229839e+00
   2.5144045e+00
   2.5058315e+00
   2.4972662e+00
   2.4887100e+00
   2.4801643e+00
   2.4716304e+00
   2.4631096e+00
   2.4546034e+00
   2.4461129e+00
   2.4376397e+00
   2.4291850e+00
   2.4207502e+00
   2.4123366e+00
   2.4039455e+00
   2.3955783e+00
   2.3872363e+00
   2.3789208e+00
   2.3706331e+00
   2.3623745e+00
   2.3541464e+00
   2.3459500e+00
   2.3377867e+00
   2.3296577e+00
   2.3215643e+00
   2.3135079e+00
   2.3054895e+00
   2.2975107e+00
   2.2895725e+00
   2.2816763e+00
   2.2738233e+00
   2.2660148e+00
   2.2582520e+00
   2.2505360e+00
   2.2428683e+00
   2.2352498e+00
   2.2276819e+00
   2.2201658e+00
   2.2127026e+00
   2.2052936e+00
   2.1979398e+00
   2.1906425e+00
   2.1834028e+00
   2.1762219e+00
   2.1691009e+00
   2.1620409e+00
   2.1550430e+00
   2.1481084e+00
   2.1412381e+00
   2.1344333e+00
   2.1276949e+00
   2.1210242e+00
   2.1144221e+00
   2.1078896e+00
   2.1014279e+00
   2.0950379e+00
   2.0887206e+00
   2.0824771e+00
   2.0763083e+00
   2.0702152e+00
   2.0641988e+00
   2.0582600e+00
   2.0523997e+00
   2.0466190e+00
   2.0409186e+00
   2.0352996e+00
   2.0297627e+00
   2.0243090e+00
   2.0189391e+00
   2.0136541e+00
   2.0084546e+00
   2.0033416e+00
   1.9983159e+00
   1.9933782e+00
   1.9885293e+00
   1.9837700e+00
   1.9791011e+00
   1.9745233e+00
   1.9700372e+00
   1.9656437e+00
   1.9613434e+00
   1.9571370e+00
   1.9530252e+00
   1.9490086e+00
   1.9450878e+00
   1.9412635e+00
   1.9375363e+00
   1.9339067e+00
   1.9303754e+00
   1.9269428e+00
   1.9236096e+00
   1.9203763e+00
   1.9172433e+00
   1.9142113e+00
   1.9112805e+00
   1.9084516e+00
   1.9057250e+00
   1.9031011e+00
   1.9005802e+00
   1.8981629e+00
   1.8958495e+00
   1.8936403e+00
   1.8915358e+00
   1.8895362e+00
   1.8876418e+00
   1.8858530e+00
   1.8841700e+00
   1.8825932e+00
   1.8811227e+00
   1.8797588e+00
   1.8785017e+00
   1.8773516e+00
   1.8763087e+00
   1.8753731e+00
   1.8745451e+00
   1.8738247e+00
   1.8732120e+00
   1.8727071e+00
   1.8723102e+00
   1.8720213e+00
   1.8718404e+00
   1.8717675e+00
   1.8718027e+00
   1.8719460e+00
   1.8721974e+00
   1.8725567e+00
   1.8730240e+00
   1.8735991e+00
   1.8742820e+00
   1.8750726e+00
   1.8759708e+00
   1.8769763e+00
   1.8780891e+00
   1.8793090e+00
   1.8806357e+00
   1.8820691e+00
   1.8836090e+00
   1.8852550e+00
   1.8870070e+00
   1.8888646e+00
   1.8908277e+00
   1.8928957e+00
   1.8950685e+00
   1.8973457e+00
   1.8997268e+00
   1.9022117e+00
   1.9047998e+00
   1.9074907e+00
   1.9102841e+00
   1.9131794e+00
   1.9161762e+00
   1.9192741e+00
   1.9224725e+00
   1.9257710e+00
   1.9291690e+00
   1.9326660e+00
   1.9362615e+00
   1.9399548e+00
   1.9437453e+00
   1.9476326e+00
   1.9516159e+00
   1.9556947e+00
   1.9598682e+00
   1.9641359e+00
   1.9684970e+00
   1.9729509e+00
   1.9774969e+00
   1.9821342e+00
   1.9868621e+00
   1.9916799e+00
   1.9965867e+00
   2.0015819e+00
   2.0066646e+00
   2.0118340e+00
   2.0170894e+00
   2.0224298e+00
   2.0278545e+00
   2.0333625e+00
   2.0389530e+00
   2.0446251e+00
   2.0503780e+00
   2.0562107e+00
   2.0621222e+00
   2.0681117e+00
   2.0741782e+00
   2.0803208e+00
   2.0865384e+00
   2.0928301e+00
   2.0991949e+00
   2.1056318e+00
   2.1121397e+00
   2.1187177e+00
   2.1253647e+00
   2.1320796e+00
   2.1388614e+00
   2.1457090e+00
   2.1526214e+00
   2.1595974e+00
   2.1666358e+00
   2.1737358e+00
   2.1808960e+00
   2.1881153e+00
   2.1953927e+00
   2.2027269e+00
   2.2101169e+00
   2.2175613e+00
   2.2250592e+00
   2.2326092e+00
   2.2402101e+00
   2.2478609e+00
   2.2555602e+00
   2.2633068e+00
   2.2710996e+00
   2.2789372e+00
   2.2868185e+00
   2.2947422e+00
   2.3027071e+00
   2.3107118e+00
   2.3187551e+00
   2.3268358e+00
   2.3349525e+00
   2.3431040e+00
   2.3512891e+00
   2.3595063e+00
   2.3677544e+00
   2.3760321e+00
   2.3843381e+00
   2.3926710e+00
   2.4010296e+00
   2.4094125e+00
   2.4178184e+00
   2.4262460e+00
   2.4346940e+00
   2.4431609e+00
   2.4516455e+00
   2.4601464e+00
   2.4686622e+00
   2.4771917e+00
   2.4857335e+00
   2.4942862e+00
   2.5028485e+00
   2.5114190e+00
   2.5199963e+00
   2.5285791e+00
   2.5371661e+00
   2.5457559e+00
   2.5543471e+00
   2.5629384e+00
   2.5715283e+00
   2.5801156e+00
   2.5886989e+00
   2.5972769e+00
   2.6058481e+00
   2.6144112e+00
   2.6229649e+00
   2.6315078e+00
   2.6400386e+00
   2.6485559e+00
   2.6570583e+00
   2.6655445e+00
   2.6740133e+00
   2.6824631e+00
   2.6908928e+00
   2.6993009e+00
   2.7076861e+00
   2.7160471e+00
   2.7243827e+00
   2.7326913e+00
   2.7409719e+00
   2.7492229e+00
   2.7574432e+00
   2.7656315e+00
   2.7737864e+00
   2.7819066e+00
   2.7899908e+00
   2.7980379e+00
   2.8060465e+00
   2.8140153e+00
   2.8219430e+00
   2.8298286e+00
   2.8376705e+00
   2.8454678e+00
   2.8532190e+00
   2.8609230e+00
   2.8685786e+00
   2.8761845e+00
   2.8837395e+00
   2.8912425e+00
   2.8986923e+00
   2.9060876e+00
   2.9134274e+00
   2.9207104e+00
   2.9279355e+00
   2.9351016e+00
   2.9422074e+00
